4294967279,293
4294967279,242
4294967278,405
4294967278,435
4294967278,229
4294967279,540
4294967278,403
4294967279,289
4294967278,426
4294967279,288
4294967279,284
4294967278,235
4294967279,341
4294967279,331
4294967294,163
4294967294,161
3736,12
3736,0
3736,11
3736,10
3736,5
3736,9
3736,8
3736,7
3736,6
3734,7
3734,0
3734,6
3734,5
4294967278,225
4294967278,391
3741,5
3741,4
3741,3
3741,2
3741,1
4294967294,920
3739,6
3739,5
3739,4
3739,3
3739,2
3739,1
4294967278,400
4294967278,399
4294967279,273
3736,4
3736,3
3736,2
3736,1
4294967294,1419
3734,4
4294967278,211
3734,3
3734,2
3734,1
3733,5
3733,4
3733,3
3733,2
3733,1
4294967279,226
3730,5
3730,4
3730,3
3730,2
3730,1
3729,4
3729,3
3729,2
3729,1
3728,5
3728,4
3728,3
3728,2
3728,1
4294967279,320
3727,4
3727,3
3727,2
3727,1
3726,4
3726,3
3726,2
3726,1
3725,6
3725,5
3725,4
3725,3
3725,2
3725,1
3724,4
3724,3
3724,2
3724,1
3722,4
3722,3
3722,2
3722,1
4294967279,358
4294967294,179
4294967294,454
4294967294,451
4294967278,233
4294967278,394
3716,12
3716,0
3716,11
3716,10
3716,5
3716,9
3716,8
3716,7
3716,6
3714,7
3714,0
3714,6
3714,5
4294967278,156
4294967278,155
4294967278,190
3721,5
3721,4
3721,3
3721,2
3721,1
4294967279,252
4294967279,558
4294967278,416
3719,6
4294967279,159
3719,5
3719,4
3719,3
3719,2
3719,1
4294967278,393
3716,4
3716,3
3716,2
3716,1
4294967294,1418
3714,4
3714,3
3714,2
3714,1
3713,5
3713,4
3713,3
3713,2
3713,1
4294967278,290
4294967278,51
4294967278,50
4294967278,46
4294967278,44
4294967278,43
4294967278,42
4294967278,41
4294967278,40
4294967278,39
4294967278,34
4294967278,30
4294967278,28
4294967278,27
4294967278,24
4294967278,22
4294967278,21
4294967278,20
4294967278,16
4294967278,14
4294967278,10
4294967279,125
4294967279,117
4294967294,412
4294967279,114
3710,5
3710,4
3710,3
3710,2
3710,1
3709,4
3709,3
3709,2
3709,1
3708,5
3708,4
3708,3
3708,2
3708,1
3707,4
3707,3
3707,2
3707,1
3706,4
3706,3
3706,2
3706,1
3705,6
3705,5
3705,4
3705,3
3705,2
3705,1
3704,4
3704,3
3704,2
3704,1
3703,5
3703,4
3703,3
3703,2
3703,1
3702,4
3702,3
3702,2
3702,1
4294967279,240
4294967279,234
4294967279,232
4294967279,230
3696,12
3696,0
3696,11
3696,10
3696,5
3696,9
3696,8
3696,7
3696,6
4294967279,141
4294967279,140
4294967278,32
4294967278,29
4294967278,19
4294967278,18
4294967278,17
4294967278,15
4294967278,8
4294967279,360
3694,7
3694,0
3694,6
3694,5
4294967294,464
4294967294,456
4294967294,386
4294967278,13
3701,5
3701,4
3701,2
3701,1
3699,6
3699,5
3699,4
3699,3
3699,2
3699,1
4294967278,234
4294967278,232
3696,4
3696,2
3696,1
3694,4
3694,3
3694,2
3694,1
3693,5
3693,4
3693,3
3693,2
3693,1
4294967279,228
3690,5
3690,4
3690,3
3690,2
3690,1
3689,4
3689,3
3689,2
3689,1
3688,5
3688,4
3688,3
3688,2
3688,1
4294967279,269
3687,4
3687,3
3687,2
3687,1
3686,4
3686,3
3686,2
3686,1
4294967278,251
3685,6
4294967279,222
3685,5
3685,4
3685,3
3685,2
3685,1
3684,4
3684,3
3684,2
3684,1
3683,5
3683,4
3683,3
3683,2
3683,1
3682,4
3682,3
3682,2
3682,1
4294967278,317
3676,12
3676,0
3676,11
3676,10
3676,5
3676,9
3676,8
3676,7
3676,6
3674,7
3674,0
3674,6
3674,5
4294967278,204
4294967278,191
4294967279,190
4294967279,152
3681,5
3681,4
3681,2
3681,1
3679,6
3679,5
3679,4
3679,3
3679,2
3679,1
4294967294,475
3676,4
3676,2
3676,1
3674,4
3674,3
3674,2
3674,1
4294967279,214
3673,5
3673,4
3673,3
3673,2
3673,1
4294967294,474
4294967279,382
4294967279,381
4294967279,380
3670,5
3670,4
3670,3
3670,2
3670,1
3669,4
3669,3
3669,2
3669,1
3668,5
3668,4
3668,3
3668,2
3668,1
4294967278,227
4294967278,88
3667,4
3667,3
3667,2
3667,1
3666,4
3666,3
3666,2
3666,1
3665,6
3665,5
3665,4
3665,3
3665,2
3665,1
3664,4
3664,3
3664,2
3664,1
4294967278,153
4294967278,338
3662,4
3662,3
3662,2
3662,1
4294967278,414
4294967278,223
4294967279,379
4294967294,508
4294967279,309
4294967278,219
4294967278,217
346,4
4294967278,310
4294967278,36
3661,5
3661,4
3661,3
3661,2
3661,1
3659,6
3659,5
3659,4
3659,3
3659,2
3659,1
3656,5
3656,4
3656,3
3656,2
3656,1
4294967294,396
3654,4
3654,3
3654,2
3654,1
3653,5
3653,4
3653,3
3653,2
3653,1
4294967279,354
4294967279,2
4294967279,88
4294967278,33
4294967279,238
3650,5
3650,4
3650,3
3650,2
3650,1
3649,4
3649,3
3649,2
3649,1
3648,5
3648,4
3648,3
3648,2
3648,1
4294967279,371
4294967294,898
3647,4
3647,3
3647,2
3647,1
3646,4
3646,3
3646,2
3646,1
3645,6
3645,5
3645,4
3645,3
3645,2
3645,1
4294967279,370
3644,4
3644,3
3644,2
3644,1
4294967278,319
3642,4
3642,3
3642,2
3642,1
4294967278,298
4294967279,328
4294967279,345
4294967278,315
4294967278,445
4294967278,212
4294967278,314
4294967278,31
4294967278,26
4294967278,25
4294967278,23
4294967279,559
4294967279,530
3641,5
3641,4
3641,2
3641,1
4294967278,313
3639,6
3639,5
3639,4
3639,3
3639,2
3639,1
4294967278,321
4294967279,133
4294967279,271
4294967278,307
4294967279,270
4294967279,337
4294967278,12
3636,5
3636,4
3636,2
3636,1
4294967279,253
4294967278,257
4294967278,378
4294967278,333
3634,4
3634,3
3634,2
3634,1
3633,5
3633,4
3633,3
3633,2
3633,1
4294967278,11
4294967278,9
4294967279,338
4294967278,230
4294967294,919
3630,5
3630,4
3630,3
3630,2
3630,1
4294967278,207
4294967278,206
3629,4
3629,3
3629,2
3629,1
3628,5
3628,4
3628,3
3628,2
3628,1
3627,4
3627,3
3627,2
3627,1
4294967278,312
3626,4
3626,3
3626,2
3626,1
3625,6
3625,5
3625,4
3625,3
3625,2
3625,1
3624,4
3624,3
3624,2
3624,1
4294967278,177
3622,4
3622,3
3622,2
3622,1
4294967294,178
4294967294,415
3621,5
3621,4
3621,2
3621,1
4294967279,335
4294967278,311
3619,6
3619,5
3619,4
3619,3
3619,2
3619,1
4294967278,205
4294967278,198
4294967279,197
3616,5
3616,4
3616,2
3616,1
4294967279,361
3614,4
3614,3
3614,2
3614,1
4294967278,179
4294967278,178
4294967279,169
3613,5
3613,4
3613,3
3613,2
3613,1
4294967294,420
4294967294,183
4294967294,507
4294967294,160
4294967279,557
4294967278,152
3610,5
3610,4
3610,3
3610,2
3610,1
4294967279,143
3609,4
3609,3
3609,2
3609,1
4294967278,292
3608,5
3608,4
3608,3
3608,2
3608,1
3607,4
3607,3
3607,2
3607,1
3606,4
3606,3
3606,2
3606,1
3605,6
3605,5
3605,4
3605,3
3605,2
3605,1
3604,4
3604,3
3604,2
3604,1
3603,5
3603,4
3603,3
3603,2
3603,1
3602,4
3602,3
3602,2
3602,1
4294967279,535
4294967278,215
3601,5
3601,4
3601,2
3601,1
4294967279,550
3599,6
3599,5
3599,4
3599,3
3599,2
3599,1
4294967278,172
3596,5
3596,4
3596,2
3596,1
4294967279,151
4294967278,149
3594,4
3594,3
3594,2
3594,1
3593,5
3593,4
3593,3
3593,2
3593,1
3590,5
3590,4
3590,3
3590,2
3590,1
3589,4
3589,3
3589,2
3589,1
4294967294,408
4294967294,118
3588,5
3588,4
3588,3
3588,2
3588,1
3587,4
3587,3
3587,2
3587,1
3586,4
3586,3
3586,2
3586,1
4294967279,356
3585,6
4294967278,347
3585,5
3585,4
3585,3
3585,2
3585,1
3584,4
3584,3
3584,2
3584,1
3582,4
3582,3
3582,2
3582,1
4294967279,336
4294967294,30
4294967294,942
4294967294,941
4294967294,939
4294967294,938
4294967294,933
4294967294,922
4294967294,436
4294967294,318
4294967294,317
4294967294,316
4294967294,315
4294967294,60
4294967294,190
4294967294,12
4294967278,408
4294967278,147
4294967279,144
3581,5
3581,4
3581,2
3581,1
3579,6
3579,5
3579,4
3579,3
3579,2
3579,1
4294967278,284
4294967294,1413
4294967279,262
4294967278,280
4294967279,357
4294967279,555
4294967279,525
3576,5
3576,4
3576,2
3576,1
3574,4
3574,3
3574,2
3574,1
4294967279,311
3573,5
3573,4
3573,3
3573,2
3573,1
4294967279,210
4294967279,209
3570,5
3570,4
3570,3
3570,2
3570,1
3569,4
3569,3
3569,2
3569,1
4294967278,189
4294967279,189
3568,5
3568,4
3568,3
3568,2
3568,1
4294967278,183
4294967278,181
4294967278,180
3567,4
3567,3
3567,2
3567,1
4294967278,289
3566,4
3566,3
3566,2
3566,1
4294967278,410
4294967279,175
4294967279,172
3565,6
4294967278,170
3565,5
4294967279,168
3565,4
3565,3
3565,2
3565,1
4294967294,110
3564,4
3564,3
3564,2
3564,1
3562,4
3562,3
3562,2
3562,1
4294967278,299
3561,5
3561,4
3561,2
3561,1
4294967278,305
3559,6
3559,5
3559,4
3559,3
3559,2
3559,1
4294967279,216
4294967294,37
3556,5
3556,4
3556,2
3556,1
4294967294,916
4294967294,917
3554,4
3554,3
3554,2
3554,1
3553,5
3553,4
3553,3
3553,2
3553,1
4294967278,171
4294967279,171
4294967278,168
3550,5
4294967278,167
4294967279,167
4294967278,166
3550,4
3550,3
3550,2
3550,1
4294967279,164
3549,4
3549,3
3549,2
3549,1
3548,5
3548,4
3548,3
3548,2
3548,1
3547,4
3547,3
3547,2
3547,1
3546,4
3546,3
3546,2
3546,1
4294967279,147
3545,6
3545,5
3545,4
3545,3
3545,2
3545,1
3544,4
3544,3
3544,2
3544,1
4294967279,280
3542,4
3542,3
3542,2
3542,1
4294967279,283
4294967278,283
4294967279,373
4294967278,409
4294967278,62
4294967278,61
4294967278,60
4294967278,59
4294967278,58
4294967278,57
4294967278,56
4294967278,55
4294967278,54
4294967278,53
4294967278,52
4294967278,49
4294967278,48
4294967278,47
4294967278,45
4294967278,38
4294967278,37
4294967278,35
4294967279,86
4294967279,85
4294967279,82
4294967279,81
4294967279,80
4294967279,79
4294967279,77
4294967279,76
4294967279,75
4294967279,74
4294967279,72
4294967279,71
4294967279,70
4294967279,68
4294967279,67
4294967279,65
4294967279,63
4294967279,60
4294967279,58
4294967279,57
4294967279,55
4294967279,53
4294967279,51
4294967279,49
4294967279,47
4294967279,45
4294967279,44
4294967279,43
4294967279,42
4294967279,41
4294967279,40
4294967279,39
4294967279,37
4294967279,36
4294967279,35
4294967279,34
4294967279,33
4294967279,218
4294967279,32
4294967279,31
4294967279,27
4294967279,24
4294967279,317
4294967294,405
4294967294,111
3541,5
3541,4
3541,2
3541,1
3539,6
3539,5
3539,4
3539,3
3539,2
3539,1
4294967279,344
3536,5
3536,4
3536,2
3536,1
3534,4
3534,3
3534,2
3534,1
3533,5
3533,4
3533,3
3533,2
3533,1
3530,5
3530,4
3530,3
3530,2
3530,1
3529,4
3529,3
3529,2
3529,1
4294967294,912
3528,5
3528,4
4294967279,282
3528,3
3528,2
3528,1
4294967279,279
4294967279,277
4294967279,265
3527,4
3527,3
3527,2
3527,1
4294967279,264
4294967294,418
4294967279,263
3526,4
3526,3
3526,2
3526,1
4294967279,261
4294967279,275
4294967279,258
3525,6
3525,5
3525,4
3525,3
3525,2
3525,1
3524,4
3524,3
3524,2
3524,1
3523,5
3523,4
3523,3
3523,2
3523,1
4294967278,407
3522,4
3522,3
3522,2
3522,1
4294967279,310
4294967279,340
4294967278,335
4294967278,297
3521,5
3521,4
3521,2
3521,1
4294967278,184
3519,6
3519,5
3519,4
3519,3
3519,2
3519,1
4294967278,296
4294967294,473
3516,5
3516,4
3516,2
3516,1
3514,4
3514,3
3514,2
3514,1
3513,5
3513,4
3513,3
3513,2
3513,1
4294967294,472
4294967278,295
3510,5
4294967278,258
3510,4
3510,3
3510,2
3510,1
3509,4
3509,3
3509,2
3509,1
3508,5
4294967278,375
4294967278,253
3508,4
3508,3
3508,2
3508,1
3507,4
3507,3
3507,2
3507,1
3506,4
4294967278,237
3506,3
3506,2
3506,1
4294967278,236
3505,6
3505,5
3505,4
3505,3
3505,2
3505,1
3504,4
3504,3
3504,2
3504,1
3502,4
3502,3
3502,2
3502,1
4294967294,409
4294967294,467
4294967278,291
4294967279,181
4294967279,554
4294967279,30
4294967279,29
4294967279,28
4294967279,17
4294967279,16
4294967279,14
4294967279,13
4294967279,12
4294967279,10
4294967279,176
3501,5
3501,4
4294967279,166
3501,2
3501,1
4294967278,397
4294967279,556
3499,6
3499,5
3499,4
3499,3
3499,2
3499,1
4294967279,329
4294967278,286
4294967279,22
3496,5
3496,4
3496,2
3496,1
4294967279,11
3494,4
3494,3
3494,2
3494,1
3493,5
3493,4
3493,3
3493,2
3493,1
4294967278,404
3490,5
3490,4
3490,3
3490,2
3490,1
3489,4
3489,3
3489,2
3489,1
4294967278,210
4294967279,327
3488,5
3488,4
3488,3
3488,2
3488,1
4294967279,326
4294967279,323
3487,4
3487,3
3487,2
3487,1
4294967278,201
3486,4
3486,3
3486,2
3486,1
3485,6
3485,5
3485,4
3485,3
3485,2
3485,1
3484,4
3484,3
3484,2
3484,1
